AvailabilityFactor 
0.85 0.85 0.85 0.85 0.85 0.85 0.85 0.85 0.85 0.85 0.85 0.85 0.85 0.85 0.85 0.85 0.85 0.85 0.85 0.85 0.85 0.85 0.85 0.85 0.85 0.85 0.85 0.85 0.85 0.85 0.85 0.85 0.85 0.85 0.85 0.85 0.85 0.85 0.85 0.85 0.85 0.85 0.85 0.85 0.85 0.85

CapacityToActivityUnit 31.536

CapitalCost 
3014.040198 2972.232544 2930.42489 2888.617235 2846.809581 2805.001927 2799.1683 2793.334674 2787.501048 2781.667422 2775.833796 2770.000169 2764.166543 2758.332917 2752.499291 2746.665665 2746.665665 2746.665665 2746.665665 2746.665665 2746.665665 2746.665665 2746.665665 2746.665665 2746.665665 2746.665665 2746.665665 2746.665665 2746.665665 2746.665665 2746.665665 2746.665665 2746.665665 2746.665665 2746.665665 2746.665665 2746.665665 2746.665665 2746.665665 2746.665665 2746.665665 2746.665665 2746.665665 2746.665665 2746.665665 2746.665665

FixedCost 
90.42120595 89.16697632 87.91274669 86.65851706 85.40428743 84.1500578 83.97504901 83.80004023 83.62503144 83.45002265 83.27501387 83.10000508 82.9249963 82.74998751 82.57497873 82.39996994 82.39996994 82.39996994 82.39996994 82.39996994 82.39996994 82.39996994 82.39996994 82.39996994 82.39996994 82.39996994 82.39996994 82.39996994 82.39996994 82.39996994 82.39996994 82.39996994 82.39996994 82.39996994 82.39996994 82.39996994 82.39996994 82.39996994 82.39996994 82.39996994 82.39996994 82.39996994 82.39996994 82.39996994 82.39996994 82.39996994

OperationalLife 35

TotalAnnualMaxCapacityInvestment 
0 0 0 0 0 0 0 0 0 0 0 0 0 0 0 0 0 0 0 0 0 0 0 0 0 0 0 0 0 0 0 0 0 0 0 0 0 0 0 0 0 0 0 0 0 0
