AvailabilityFactor 
0.85 0.85 0.85 0.85 0.85 0.85 0.85 0.85 0.85 0.85 0.85 0.85 0.85 0.85 0.85 0.85 0.85 0.85 0.85 0.85 0.85 0.85 0.85 0.85 0.85 0.85 0.85 0.85 0.85 0.85 0.85 0.85 0.85 0.85 0.85 0.85 0.85 0.85 0.85 0.85 0.85 0.85 0.85 0.85 0.85 0.85

CapacityToActivityUnit 31.536

CapitalCost 
2916.813095 2858.476833 2800.140571 2741.80431 2683.468048 2625.131786 2610.54772 2595.963655 2581.379589 2566.795524 2552.211458 2537.627393 2523.043327 2508.459262 2493.875196 2479.291131 2479.291131 2479.291131 2479.291131 2479.291131 2479.291131 2479.291131 2479.291131 2479.291131 2479.291131 2479.291131 2479.291131 2479.291131 2479.291131 2479.291131 2479.291131 2479.291131 2479.291131 2479.291131 2479.291131 2479.291131 2479.291131 2479.291131 2479.291131 2479.291131 2479.291131 2479.291131 2479.291131 2479.291131 2479.291131 2479.291131

FixedCost 
72.92032738 71.46192083 70.00351429 68.54510774 67.08670119 65.62829464 65.26369301 64.89909137 64.53448973 64.1698881 63.80528646 63.44068482 63.07608318 62.71148155 62.34687991 61.98227827 61.98227827 61.98227827 61.98227827 61.98227827 61.98227827 61.98227827 61.98227827 61.98227827 61.98227827 61.98227827 61.98227827 61.98227827 61.98227827 61.98227827 61.98227827 61.98227827 61.98227827 61.98227827 61.98227827 61.98227827 61.98227827 61.98227827 61.98227827 61.98227827 61.98227827 61.98227827 61.98227827 61.98227827 61.98227827 61.98227827

OperationalLife 40

TotalAnnualMaxCapacityInvestment 
0 0 0 0 0 0 0 0 0 0 0 0 0 0 0 0 0 0 0 0 0 0 0 0 0 0 0 0 0 0 0 0 0 0 0 0 0 0 0 0 0 0 0 0 0 0
