Nuclear data

Availability Factor
0.81 0.81 0.81 0.81 0.81 0.81 0.81 0.81 0.81 0.81 0.81 0.81 0.81 0.81 0.81 0.81 0.81 0.81 0.81 0.81 0.81 0.81 0.81 0.81 0.81 0.81 0.81 0.81 0.81 0.81 0.81 0.81 0.81 0.81 0.81 0.81 0.81 0.81 0.81 0.81 0.81 0.81 0.81 0.81 0.81 0.81

CapacityToActivityUnit 31.536

CapitalCost
4077.349436 4149.344799 4221.340162 4293.335524 4365.330887 4437.32625 4411.824375 4386.3225 4360.820625 4335.31875 4309.816875 4284.315 4258.813125 4233.31125 4207.809375 4182.3075 4151.70525 4121.103 4090.50075 4059.8985 4029.29625 3998.694 3968.09175 3937.4895 3906.88725 3876.285 3871.184625 3866.08425 3860.983875 3855.8835 3850.783125 3845.68275 3840.582375 3835.482 3830.381625 3825.28125 3822.78125 3820.28125 3817.78125 3815.28125 3812.78125 3810.28125 3807.78125 3805.28125 3802.78125 3800.28125

FixedCost 
85.62433816 87.13624078 88.64814339 90.16004601 91.67194863 93.18385125 91.81185038 90.4398495 89.06784863 87.69584775 86.32384688 84.951846 83.57984513 82.20784425 80.83584338 79.4638425 81.98342775 84.503013 87.02259825 89.5421835 92.06176875 94.581354 97.10093925 99.6205245 102.1401098 104.659695 104.1394568 103.6192185 103.0989803 102.578742 102.0585038 101.5382655 101.0180273 100.497789 99.97755075 99.4573125 98.9573125 98.4573125 97.9573125 97.4573125 96.9573125 96.4573125 95.9573125 95.4573125 94.9573125 94.4573125

InputActivityRatio
1 2.702702703 2.702702703 2.702702703 2.702702703 2.702702703 2.702702703 2.695590327 2.688477952 2.681365576 2.674253201 2.667140825 2.66002845 2.652916074 2.645803698 2.638691323 2.631578947 2.631578947 2.631578947 2.631578947 2.631578947 2.631578947 2.631578947 2.631578947 2.631578947 2.631578947 2.631578947 2.631578947 2.631578947 2.631578947 2.631578947 2.631578947 2.631578947 2.631578947 2.631578947 2.631578947 2.631578947 2.631578947 2.631578947 2.631578947 2.631578947 2.631578947 2.631578947 2.631578947 2.631578947 2.631578947 2.631578947

OperationalLife 60

OutputActivityRatio 
1 1 1 1 1 1 1 1 1 1 1 1 1 1 1 1 1 1 1 1 1 1 1 1 1 1 1 1 1 1 1 1 1 1 1 1 1 1 1 1 1 1 1 1 1 1 1

TotalAnnualMaxCapacityInvestment 
3 3 3 3 3 3 3 3 3 3 3 3 3 3 3 3 3 3 3 3 3 3 3 3 3 3 3 3 3 3 3 3 3 3 3 3 3 3 3 3 3 3 3 3 3 3

VariableCost 
1 0.00255 0.00255 0.00255 0.00255 0.00255 0.00255 0.00255 0.00255 0.00255 0.00255 0.00255 0.00255 0.00255 0.00255 0.00255 0.00255 0.00255 0.00255 0.00255 0.00255 0.00255 0.00255 0.00255 0.00255 0.00255 0.00255 0.00255 0.00255 0.00255 0.00255 0.00255 0.00255 0.00255 0.00255 0.00255 0.00255 0.00255 0.00255 0.00255 0.00255 0.00255 0.00255 0.00255 0.00255 0.00255 0.00255
