AvailabilityFactor 
0.85 0.85 0.85 0.85 0.85 0.85 0.85 0.85 0.85 0.85 0.85 0.85 0.85 0.85 0.85 0.85 0.85 0.85 0.85 0.85 0.85 0.85 0.85 0.85 0.85 0.85 0.85 0.85 0.85 0.85 0.85 0.85 0.85 0.85 0.85 0.85 0.85 0.85 0.85 0.85 0.85 0.85 0.85 0.85 0.85 0.85

CapacityToActivityUnit 31.536

CapitalCost 
1530.1125 1530.1125 1530.1125 1530.1125 1530.1125 1530.1125 1530.1125 1530.1125 1530.1125 1530.1125 1530.1125 1530.1125 1530.1125 1530.1125 1530.1125 1530.1125 1530.1125 1530.1125 1530.1125 1530.1125 1530.1125 1530.1125 1530.1125 1530.1125 1530.1125 1530.1125 1530.1125 1530.1125 1530.1125 1530.1125 1530.1125 1530.1125 1530.1125 1530.1125 1530.1125 1530.1125 1530.1125 1530.1125 1530.1125 1530.1125 1530.1125 1530.1125 1530.1125 1530.1125 1530.1125 1530.1125

FixedCost 
38.2528125 38.2528125 38.2528125 38.2528125 38.2528125 38.2528125 38.2528125 38.2528125 38.2528125 38.2528125 38.2528125 38.2528125 38.2528125 38.2528125 38.2528125 38.2528125 38.2528125 38.2528125 38.2528125 38.2528125 38.2528125 38.2528125 38.2528125 38.2528125 38.2528125 38.2528125 38.2528125 38.2528125 38.2528125 38.2528125 38.2528125 38.2528125 38.2528125 38.2528125 38.2528125 38.2528125 38.2528125 38.2528125 38.2528125 38.2528125 38.2528125 38.2528125 38.2528125 38.2528125 38.2528125 38.2528125

OperationalLife 30

TotalAnnualMaxCapacityInvestment 
0 0 0 0 0 0 0 0 0 0 0 0 0 0 0 0 0 0 0 0 0 0 0 0 0 0 0 0 0 0 0 0 0 0 0 0 0 0 0 0 0 0 0 0 0 0
